FAH-QLoRA Bandwidth History
================================================================================

Bandwidth mode: dynamic
Total clients: 12

Client 1 (Class: static)
--------------------------------------------------------------------------------
Round      Downlink (Mbps)      Uplink (Mbps)       
--------------------------------------------------------------------------------
0          40.329               4.55               
1          41.917               4.35               
2          42.342               4.38               
3          42.118               4.88               
4          41.995               4.50               
5          39.781               4.17               
6          42.063               4.40               
7          42.063               4.87               
8          39.893               4.12               
9          42.116               4.34               
10         40.497               3.88               
11         26.371               2.75               
12         41.235               5.41               
13         42.018               4.63               
14         42.051               5.05               
15         42.107               4.29               
16         42.991               5.92               
17         42.118               4.41               
18         38.405               4.01               
19         41.974               5.65     
20         41.974               5.65          

Client 2 (Class: pedestrian)
--------------------------------------------------------------------------------
Round      Downlink (Mbps)      Uplink (Mbps)       
--------------------------------------------------------------------------------
0          15.769               2.92               
1          6.721                1.25               
2          30.263               5.63               
3          29.749               5.53               
4          21.562               4.02               
5          20.086               3.74               
6          35.117               6.48               
7          5.814                1.62               
8          7.057                1.31               
9          11.407               2.12               
10         16.474               3.05               
11         18.643               3.06               
12         20.612               3.06               
13         4.730                0.78               
14         14.762               2.46               
15         7.616                1.26               
16         9.025                1.55               
17         16.630               2.15               
18         10.322               1.70               
19         12.626               2.08    
20         12.626               2.08           

Client 3 (Class: bus)
--------------------------------------------------------------------------------
Round      Downlink (Mbps)      Uplink (Mbps)       
--------------------------------------------------------------------------------
0          4.855                1.13               
1          7.157                1.16               
2          7.437                1.10               
3          6.408                0.86               
4          8.264                1.18               
5          9.964                1.66               
6          68.557               0.26               
7          43.830               6.29               
8          39.982               6.14               
9          47.084               7.57               
10         33.877               5.73               
11         28.586               3.44               
12         18.118               2.89               
13         27.031               4.63               
14         10.714               1.85               
15         6.990                1.09               
16         12.928               2.11               
17         24.459               3.27               
18         15.031               2.60               
19         9.976                1.69 
20         9.976                1.69               

Client 4 (Class: pedestrian)
--------------------------------------------------------------------------------
Round      Downlink (Mbps)      Uplink (Mbps)       
--------------------------------------------------------------------------------
0          11.955               2.00               
1          5.647                1.15               
2          5.413                0.84               
3          10.915               1.30               
4          13.924               2.04               
5          7.168                1.45               
6          5.826                1.00               
7          11.922               1.99               
8          8.511                1.36               
9          15.981               2.44               
10         3.243                0.51               
11         11.362               1.57               
12         7.515                1.16               
13         12.951               2.14               
14         10.479               1.70               
15         6.632                1.11               
16         5.379                0.88               
17         12.973               2.20               
18         12.537               1.92               
19         6.374                1.04     
20         6.374                1.04           

Client 5 (Class: static)
--------------------------------------------------------------------------------
Round      Downlink (Mbps)      Uplink (Mbps)       
--------------------------------------------------------------------------------
0          33.607               5.85               
1          38.797               5.10               
2          39.669               5.94               
3          30.196               4.76               
4          16.172               2.90               
5          30.062               4.57               
6          35.251               6.57               
7          23.844               3.90               
8          31.740               6.00               
9          36.482               5.75               
10         35.800               6.37               
11         20.925               4.02               
12         27.221               6.65               
13         39.132               6.55               
14         35.822               5.29               
15         30.219               5.00               
16         41.302               6.79               
17         31.661               5.44               
18         36.292               5.77               
19         39.334               6.98
20         39.334               6.98                  

Client 6 (Class: static)
--------------------------------------------------------------------------------
Round      Downlink (Mbps)      Uplink (Mbps)       
--------------------------------------------------------------------------------
0          6.318                0.95               
1          7.828                1.31               
2          3.209                0.53               
3          4.227                0.87               
4          2.069                0.37               
5          2.147                0.37               
6          3.713                0.61               
7          3.880                0.61               
8          3.478                0.61               
9          4.160                0.96               
10         4.361                0.74               
11         9.472                1.42               
12         1.957                0.35               
13         2.315                0.43               
14         3.344                0.60               
15         2.371                0.43               
16         2.706                0.48               
17         5.871                0.94               
18         4.104                0.72               
19         1.252                0.23   
20         1.252                0.23             

Client 7 (Class: static)
--------------------------------------------------------------------------------
Round      Downlink (Mbps)      Uplink (Mbps)       
--------------------------------------------------------------------------------
0          39.781               8.34               
1          37.343               6.60               
2          36.538               5.89               
3          33.507               5.96               
4          32.511               0.27               
5          36.202               7.95               
6          37.656               6.17               
7          32.813               0.07               
8          28.071               3.82               
9          39.893               7.73               
10         37.701               6.39               
11         39.121               6.56               
12         36.448               6.60               
13         19.974               4.35               
14         28.485               4.57               
15         34.424               5.99               
16         29.760               5.96               
17         38.853               5.85               
18         31.997               5.86               
19         38.047               6.77
20         38.047               6.77               

Client 8 (Class: static)
--------------------------------------------------------------------------------
Round      Downlink (Mbps)      Uplink (Mbps)       
--------------------------------------------------------------------------------
0          15.411               2.69               
1          32.702               6.33               
2          36.840               5.83               
3          31.494               5.51               
4          33.462               5.20               
5          35.196               5.04               
6          35.688               5.61               
7          30.912               4.96               
8          34.088               5.54               
9          17.268               3.69               
10         18.364               3.22               
11         19.068               3.22               
12         23.788               3.84               
13         29.167               4.75               
14         31.035               6.80               
15         25.756               3.96               
16         24.895               3.96               
17         24.593               5.06               
18         35.688               0.84               
19         37.913               6.29
20         37.913               6.29               

Client 9 (Class: static)
--------------------------------------------------------------------------------
Round      Downlink (Mbps)      Uplink (Mbps)       
--------------------------------------------------------------------------------
0          41.336               4.44               
1          41.962               4.41               
2          41.727               4.75               
3          42.230               4.74               
4          41.984               4.41               
5          41.940               4.24               
6          45.709               4.94               
7          42.085               4.60               
8          40.978               4.43               
9          42.275               4.44               
10         42.566               4.77               
11         40.586               5.29               
12         39.434               3.88               
13         41.946               5.78               
14         47.420               4.41               
15         42.275               4.58               
16         40.005               3.49               
17         42.175               4.88               
18         38.976               5.45               
19         38.685               4.28
20         38.685               4.28                

Client 10 (Class: static)
--------------------------------------------------------------------------------
Round      Downlink (Mbps)      Uplink (Mbps)       
--------------------------------------------------------------------------------
0          43.047               4.89               
1          41.940               3.64               
2          40.117               4.53               
3          32.209               3.04               
4          42.644               5.83               
5          41.861               4.51               
6          42.085               4.44               
7          42.543               7.33               
8          42.063               4.31               
9          42.029               4.47               
10         42.085               4.60               
11         41.425               5.74               
12         42.264               4.21               
13         44.087               5.99               
14         41.917               4.60               
15         42.130               5.16               
16         42.883               4.71               
17         42.051               4.22               
18         35.542               4.77               
19         41.291               4.57
20         41.291               4.57           

Client 11 (Class: static)
--------------------------------------------------------------------------------
Round      Downlink (Mbps)      Uplink (Mbps)       
--------------------------------------------------------------------------------
0          4.261                0.73               
1          4.305                0.70               
2          2.695                0.48               
3          0.894                0.17               
4          5.278                0.83               
5          1.319                0.25               
6          2.796                0.60               
7          2.158                0.37               
8          2.896                0.50               
9          4.563                0.82               
10         12.246               2.03               
11         4.126                0.76               
12         2.952                0.49               
13         3.769                0.65               
14         10.624               1.73               
15         18.174               2.93               
16         20.533               3.33               
17         9.841                1.58               
18         11.787               1.90               
19         5.189                0.86  
20         5.189                0.86             

Client 12 (Class: pedestrian)
--------------------------------------------------------------------------------
Round      Downlink (Mbps)      Uplink (Mbps)       
--------------------------------------------------------------------------------
0          21.362               1.42               
1          22.043               1.26               
2          27.177               1.68               
3          38.998               2.07               
4          34.916               1.66               
5          38.786               2.02               
6          27.400               2.57               
7          27.512               1.97               
8          28.217               4.35               
9          7.638                0.80               
10         18.666               1.32               
11         27.356               1.51               
12         28.921               1.98               
13         35.331               2.72               
14         29.313               1.60               
15         25.410               1.45               
16         31.238               6.34               
17         27.546               1.44               
18         16.921               1.98               
19         15.926               2.15   
20         15.926               2.15            

